5449
6140
5902
5543
6392
5425
5121
5506
5696
6239
6143
5485
5990
5322
6138
5986
5756
5323
5158
5921
5855
5478
5898
5415
6054
5161
5318
5218
5460
6056
6313
5595
5256
5353
5044
5177
6029
5980
5493
5528
5904
5895
5881
5275
5829
5426
6334
5548
5988
5714
5254
5309
5253
5255
5983
5752
5005
6240
5546
5695
5684
5751
6274
5882
5730
5495
5489
5749
6244
5599
5503
5319
5418
5454
5937
5416
5989
5505
6352
6237
6139
5901
5421
5498
5602
5083
5944
5456
6122
6333
5417
5981
5165
6417
5758
5527
5082
5805
5308
5828
5120
5214
5530
6026
5452
5008
5251
6047
6238
6008
5925
5873
6366
5156
5875
6311
6224
6169
5922
5877
5615
5896
5715
5890
6141
5179
5215
5685
6246
5641
5058
5807
5122
5423
5716
5652
5262
5978
5429
5542
5598
5984
5354
5261
6044
5003
5888
5422
5124
5219
6009
6087
5892
6168
5616
5754
5547
5393
5889
5750
5963
5500
5004
5303
6269
6243
5885
5019
5757
6267
5809
5321
5529
5643
5748
5501
6137
5213
5259
5596
5745
5653
6418
5507
5136
5453
6367
5544
6046
6271
5252
5488
5480
5080
5504
5274
5578
5920
5654
5924
5260
5394
6041
5263
6223
5642
6121
5497
5939
5491
5825
5753
5320
5487
6042
6270
5940
5157
5479
5496
5639
5392
6177
5614
5451
6312
6199
5667
5666
6198
5006
5427
5887
5755
6200
5461
6120
5982
6416
5277
5884
6142
6268
5880
6266
5166
5258
5420
5490
5135
5655
5391
5682
5853
5905
6045
5576
5827
5492
5943
5574
5307
5428
5874
6006
5458
5883
6030
5808
5964
5305
5159
5540
6178
6024
5484
5832
6031
5459
6028
5729
5601
6415
5483
5324
5894
5830
6025
5854
5164
6350
5903
6296
5600
5486
5007
6055
5747
5872
5856
5482
5424
5987
6222
5597
5876
5824
5178
6085
5979
6197
5985
5572
5899
5020
6241
5276
5938
5806
6272
6043
5502
5893
6105
5160
5886
6007
5923
5942
5665
6225
5577
5257
6273
5481
5162
5217
5457
6245
5879
6005
6309
5575
5494
5900
5216
5304
5499
5746
5545
5045
6236
5278
6242
5123
5450
5306
5419
5897
5831
6086
5891
5455
6351
5878
5826
5081
6420
6393
6040
5573
6310
5640
5936
5541
6221
5163
6027
5941
5683
6419